11.0
14.5
9.5
12.5
13.0
13.0
15.0
14.5
12.5
9.0
12.0
13.5
10.0
13.0
12.0
13.0
8.5
9.5
10.0
11.0
9.5
13.0
9.5
10.0
14.0
14.0
18.5
15.5
12.0
17.0
15.0
22.0
18.0
14.0
15.5
15.0
12.0
17.0
14.5
16.5
14.0
13.0
15.0
15.5
13.5
12.0
14.5
14.0
13.0
17.5
12.0
13.0
13.5
12.0
15.5
16.5
13.5
16.5
15.0
15.0
14.0
14.0
12.5
14.0
13.0
12.5
11.0
10.0
10.5
12.5
13.0
12.5
10.5
12.5
9.5
14.0
13.0
11.0
11.0
10.5
13.5
16.0
14.0
16.5
20.0
14.0
14.0
15.0
31.5
16.5
14.5
16.0
22.0
12.5
13.5
12.5
14.5
19.0
14.5
18.5
20.5
14.0
20.0
12.5
14.0
13.0
11.0
15.0
11.0
11.0
13.5
11.5
12.5
10.5
13.0
11.0
11.0
10.0
11.0
9.0
11.5
13.5
11.5
10.5
10.5
11.0
14.0
10.5
15.0
10.5
13.5
15.0
11.5
11.5
15.0
16.0
17.5
16.0
16.5
16.5
19.0
20.5
18.5
16.5
15.5
15.0
15.5
14.0
11.5
14.0
13.5
13.5
13.0
11.0
10.0
13.0
11.0
12.5
10.5
12.0
10.5
16.5
10.5
12.5
13.5
12.5
12.0
11.0
14.5
14.5
12.5
11.0
13.5
10.5
11.5
10.5
12.5
9.5
11.0
11.5
10.0
13.5
8.5
11.5
10.5
12.0
12.5
11.5
13.0
17.5
13.0
17.5
14.5
20.0
14.5
13.0
11.0
15.5
18.5
13.5
13.0
14.0
16.5
16.0
21.0
12.5
14.5
14.5
14.0
8.5
14.0
14.0
10.5
11.5
13.5
13.0
13.0
14.0
12.5
11.5
12.0
10.0
11.0
11.5
12.5
8.5
13.5
13.5
8.5
10.0
11.5
13.0
11.0
10.5
15.0
12.5
16.0
11.5
15.0
14.0
15.0
17.5
15.0
14.0
18.5
15.0
-12.0
12.0
21.5
21.5
24.5
19.5
15.0
20.5
16.5
19.0
14.5
14.0
16.0
14.5
20.0
14.5
14.0
12.0
20.5
15.0
15.5
17.5
13.5
14.0
15.5
12.5
13.5
15.5
13.5
12.0
9.5
8.0
14.0
12.5
12.5
13.0
13.5
14.0
14.0
12.5
11.5
11.0
10.0
10.0
12.0
13.5
12.0
11.5
10.0
10.5
12.0
11.0
11.0
11.5
13.0
11.0
12.0
15.0
14.0
12.0
15.0
12.0
12.5
18.0
16.5
15.5
14.0
15.5
15.0
19.0
16.0
13.0
16.0
14.5
19.5
13.5
19.5
17.5
12.5
19.5
18.5
20.5
20.0
16.5
16.0
17.0
17.5
15.5
16.0
16.0
18.0
12.5
13.5
14.0
15.5
12.0
15.0
17.0
13.0
15.0
13.0
28.5
14.5
14.0
13.5
13.0
13.0
14.0
11.0
11.0
12.0
10.0
10.0
11.5
18.5
11.5
13.5
7.0
11.5
11.0
12.5
11.0
15.5
13.5
10.0
14.0
12.0
14.5
13.0
15.0
15.0
15.0
12.5
14.0
16.0
22.0
14.5
14.5
17.0
16.5
9.5
14.5
14.0
14.5
17.5
18.0
16.5
17.0
14.0
12.5
18.0
14.0
16.0
19.5
15.0
19.5
13.0
13.5
16.5
14.5
12.0
16.5
13.5
14.0
15.5
13.0
14.5
11.5
12.5
13.0
14.0
14.0
16.0
12.0
11.0
12.0
12.0
11.5
10.5
11.5
9.5
12.0
11.0
11.0
9.0
13.5
13.0
12.0
14.0
11.5
14.5
16.5
11.0
14.5
12.5
16.0
11.5
17.0
13.0
12.0
15.5
13.0
12.5
16.0
10.5
14.0
12.0
14.0
16.5
15.0
15.0
16.0
12.5
16.0
16.5
13.5
16.5
16.0
13.0
13.0
13.0
13.0
15.0
17.0
13.5
13.0
15.0
10.5
12.5
12.0
11.5
11.5
12.5
13.0
13.5
10.5
10.0
13.5
12.5
10.0
8.5
11.5
11.0
13.0
10.0
10.5
10.0
12.5
16.5
14.5
14.5
14.0
12.5
14.0
13.0
13.5
14.0
14.0
12.0
16.5
15.0
14.5
12.5
16.0
14.5
14.5
15.5
13.5
13.5
10.0
12.0
13.0
13.5
10.5
13.0
11.0
11.5
10.5
13.5
10.0
13.0
20.5
14.0
13.0
9.0
12.0
13.5
8.5
8.5
11.0
9.5
12.5
15.0
12.0
10.5
11.5
7.5
10.5
11.0
17.0
11.5
10.5
14.5
13.5
13.5
13.0
14.0
13.0
16.5
15.5
12.0
16.0
13.5
14.0
20.0
15.0
15.0
17.0
12.5
16.0
22.0
18.5
15.5
13.5
14.5
17.5
16.5
19.5
20.5
17.5
19.0
34.0
20.5
14.0
11.0
14.0
10.5
12.5
11.0
14.0
13.0
10.5
11.5
10.5
11.5
12.5
10.5
9.5
10.5
8.5
11.5
10.5
11.0
11.5
13.5
11.5
11.0
12.5
12.5
13.0
13.0
16.0
13.5
16.0
13.5
11.5
17.5
17.5
20.0
17.5
16.0
14.5
17.5
16.5
15.5
21.0
13.5
21.5
18.0
21.0
15.0
12.5
14.0
15.0
12.0
11.5
13.5
11.5
12.5
17.5
13.0
11.0
13.0
15.5
17.5
10.5
9.0
14.0
16.0
11.5
10.5
11.0
12.0
13.0
8.5
10.0
9.0
10.0
10.5
12.0
12.0
13.5
12.0
13.0
12.0
12.0
14.0
13.5
13.0
12.0
15.5
13.5
13.0
23.0
14.5
17.0
20.0
19.0
19.0
19.0
13.5
18.0
14.0
19.0
19.0
16.5
12.5
13.5
14.0
15.5
13.0
13.0
15.0
15.0
14.0
12.0
14.0
15.5
13.5
13.0
11.0
13.5
13.5
15.0
10.0
11.0
13.0
11.5
14.5
11.0
15.5
10.5
10.5
10.0
13.5
11.0
11.0
12.0
11.0
8.5
8.5
8.5
10.5
15.5
14.0
13.0
11.0
14.0
12.5
15.0
15.5
14.5
11.5
17.0
12.5
19.5
12.5
13.0
13.5
18.5
18.5
21.5
14.5
24.5
23.5
14.5
21.5
20.5
39.2
18.0
23.5
20.0
20.5
17.5
19.0
20.0
17.5
17.5
14.5
12.0
17.5
14.5
15.5
15.0
16.5
15.0
13.0
14.0
14.5
15.5
14.0
12.5
15.5
14.5
20.5
12.0
13.0
12.0
11.0
10.0
9.5
10.5
12.0
12.5
11.5
13.5
12.0
8.0
10.5
9.0
13.5
9.5
12.5
15.0
13.5
12.5
15.0
20.5
17.0
15.5
21.5
19.0
15.5
14.5
15.5
17.5
19.0
22.5
14.5
12.5
15.5
15.5
12.0
14.0
18.0
13.0
11.5
13.5
13.5
13.0
16.0
13.0
13.5
10.5
13.5
13.0
9.5
12.5
18.0
11.0
13.5
12.0
13.0
10.5
11.5
11.0
13.0
10.0
11.5
9.5
12.5
10.0
12.5
10.5
8.5
15.0
12.5
9.5
10.0
11.0
15.0
13.5
18.0
16.0
15.0
15.0
10.5
15.5
16.0
11.5
14.5
15.0
14.5
15.0
13.5
13.5
16.5
12.5
12.0
14.5
14.5
18.0
15.0
13.0
9.5
15.0
11.0
11.5
12.5
12.5
10.0
13.0
15.5
11.0
11.0
14.5
10.0
12.5
23.0
13.0
10.5
12.0
12.0
10.0
11.5
8.0
7.5
7.5
9.5
11.5
12.0
14.0
11.0
14.0
14.0
15.5
13.5
11.0
18.0
15.0
13.5
14.0
12.0
12.0
12.5
12.5
12.0
15.0
12.0
28.5
13.5
27.0
10.0
11.5
12.5
11.0
11.0
12.0
12.0
11.5
10.5
15.5
10.0
11.0
14.0
13.5
13.0
14.5
20.5
11.5
15.5
11.5
13.0
19.0
13.0
16.0
17.0
18.0
14.0
17.0
14.5
18.0
19.0
15.5
18.5
16.5
15.5
9.5
12.0
12.5
15.0
11.0
12.0
11.0
11.0
14.5
13.5
13.0
9.5
13.5
10.0
11.0
11.0
11.0
9.0
14.0
14.0
13.5
22.5
14.5
16.0
15.5
17.5
13.5
19.5
14.5
17.5
21.5
17.5
25.0
20.0
25.0
25.0
21.5
19.5
25.0
24.0
25.0
20.0
19.5
15.0
18.0
15.0
14.0
15.5
14.5
13.5
14.0
14.0
10.0
12.0
12.5
11.5
12.0
12.5
9.5
17.0
11.5
10.5
12.0
10.5
10.5
11.5
17.0
9.5
10.5
11.5
10.5
13.0
12.0
12.0
15.0
13.5
10.0
12.5
12.0
16.0
11.5
11.5
20.0
17.5
16.5
19.5
16.0
16.5
19.0
22.0
21.5
18.5
24.5
22.5
17.5
13.5
12.5
14.5
14.0
14.5
23.0
13.0
20.0
15.0
14.5
15.5
15.5
17.0
10.0
15.5
13.0
11.5
12.0
11.5
10.5
13.5
11.5
14.0
12.5
11.0
11.0
16.0
26.0
11.5
12.5
17.0
12.0
12.5
17.5
11.0
18.5
13.5
16.0
17.0
15.0
14.5
19.0
17.5
19.0
17.0
20.0
17.5
23.5
20.0
19.5
15.5
22.5
23.5
16.5
15.5
20.0
16.0
16.0
13.0
17.5
21.0
11.5
14.5
15.5
28.0
17.0
13.5
9.0
20.5
13.5
27.5
20.5
17.0
17.0
20.0
13.0
11.0
14.5
12.5
8.5
10.5
9.5
11.0
8.5
11.5
10.0
12.0
13.5
11.0
13.0
15.5
15.0
14.5
13.5
13.0
14.0
13.0
15.0
11.5
15.5
14.0
10.5
14.0
12.5
17.0
19.5
15.0
14.5
20.5
20.0
17.5
17.0
23.0
21.5
14.5
14.0
17.5
12.0
18.0
15.5
16.5
11.5
13.5
17.0
11.5
14.0
16.5
12.0
14.5
14.5
12.5
17.0
12.0
16.0
13.0
12.0
13.5
12.5
14.5
11.5
17.5
14.5
13.5
14.5
11.5
18.0
12.5
15.5
11.5
12.5
10.0
13.0
13.5
12.0
11.5
13.0
10.0
12.5
12.0
13.0
10.5
10.5
12.0
12.0
12.0
9.5
11.0
9.5
9.5
10.0
10.5
15.5
11.5
17.5
15.5
16.0
16.5
10.0
11.0
12.5
13.0
13.5
12.5
12.5
12.5
13.0
19.0
15.5
13.5
13.5
11.5
12.5
11.5
14.5
14.0
12.5
13.5
12.0
13.0
15.5
17.5
13.0
12.5
20.0
16.0
15.0
13.0
12.5
16.0
13.0
12.5
10.0
13.0
14.0
12.0
15.0
11.5
14.0
11.0
11.0
15.5
16.5
11.0
12.0
11.5
12.5
13.0
11.5
8.0
8.0
9.0
13.5
11.0
11.5
14.0
14.5
14.0
13.0
13.5
13.5
13.0
21.5
15.5
13.5
12.5
15.5
12.0
11.5
12.5
15.0
10.5
12.0
13.5
9.5
13.0
11.0
11.0
11.5
12.5
11.0
12.0
12.0
10.0
7.5
11.0
21.0
10.5
10.0
10.5
9.0
12.0
13.5
14.0
14.0
13.0
11.0
10.5
13.5
8.5
12.5
14.5
16.5
13.5
18.5
19.0
18.0
23.5
16.5
18.5
17.0
19.5
16.0
12.5
10.5
13.5
12.0
12.5
15.0
11.5
14.0
11.0
11.5
13.5
13.5
12.0
12.0
9.5
12.0
10.0
10.5
10.0
12.0
12.0
17.5
12.5
10.0
11.0
10.5
12.5
12.0
11.5
12.5
15.5
16.0
13.5
22.5
19.0
16.0
17.0
23.5
23.0
18.0
21.5
21.5
18.0
23.5
20.0
18.0
14.0
13.5
12.5
12.5
11.0
12.5
12.5
14.0
13.5
11.0
12.5
12.0
16.0
9.0
15.0
14.0
11.5
14.0
26.0
11.0
12.0
11.0
11.5
10.0
11.5
10.5
8.5
12.0
8.0
11.0
13.0
11.5
11.5
13.0
11.0
14.0
12.5
18.5
17.0
17.0
14.5
16.5
14.5
32.0
19.0
20.5
19.5
17.0
19.5
17.5
17.0
15.0
17.0
15.5
16.5
13.5
12.5
15.0
11.0
23.0
14.0
12.5
14.0
17.0
16.5
11.5
14.0
11.5
13.0
12.0
12.0
12.0
14.5
11.0
8.5
11.5
10.0
12.0
11.0
13.0
10.5
10.0
15.0
14.0
12.0
14.5
16.0
16.5
14.5
19.0
19.0
16.5
19.0
20.5
21.0
23.5
26.0
29.0
23.0
19.5
19.0
16.0
21.5
18.0
17.0
12.5
17.5
15.0
15.5
16.5
13.0
15.0
12.0
9.5
13.0
13.0
12.5
12.0
15.5
15.0
12.5
11.5
13.0
11.0
13.5
12.0
12.0
11.0
12.0
12.0
13.0
12.5
10.5
10.0
12.5
12.5
9.5
12.0
13.0
11.0
9.5
11.5
11.5
11.5
21.0
12.5
9.0
11.5
11.5
13.0
12.0
14.5
10.0
12.5
17.0
14.5
18.5
16.5
17.0
18.5
17.0
11.5
15.0
18.5
18.5
12.5
13.5
40.5
32.5
14.5
21.5
21.5
21.0
23.0
23.0
19.5
17.5
11.0
13.5
15.0
13.5
14.0
14.5
11.5
11.0
13.5
15.0
8.5
13.0
21.5
15.5
12.5
16.5
11.0
14.0
13.5
20.0
13.5
14.5
17.0
15.0
10.5
10.5
13.0
11.0
14.0
14.5
16.0
15.0
13.0
13.0
12.5
11.0
13.0
11.5
14.0
13.5
15.5
10.0
13.0
13.0
12.0
12.0
12.0
14.0
11.0
8.5
11.5
12.5
11.0
11.0
10.5
11.0
14.0
13.5
11.0
9.0
13.0
9.5
16.5
10.0
11.5
12.0
12.5
11.5
14.5
15.0
17.0
19.0
15.0
15.0
18.0
13.5
15.5
12.5
21.0
11.5
17.0
18.0
12.0
14.5
14.5
13.5
18.5
21.0
24.5
15.0
17.0
15.5
13.5
13.0
17.0
19.0
14.0
20.0
25.5
15.0
16.0
15.0
13.5
18.0
17.5
11.5
14.0
16.5
13.5
13.5
13.0
16.0
15.0
18.5
12.0
18.5
13.0
16.5
17.0
15.0
11.5
13.5
14.5
10.5
13.5
11.5
13.0
11.0
13.0
14.5
12.5
12.5
13.0
9.5
13.5
12.5
10.5
12.0
12.5
13.0
11.5
14.5
12.0
14.0
13.0
12.0
13.5
16.0
11.5
11.0
-11.5
11.5
12.0
9.5
13.5
10.5
19.5
9.5
11.0
21.5
26.0
26.0
26.5
22.0
30.0
25.0
31.5
20.5
18.0
19.0
13.5
17.0
13.5
12.5
